0 0.199460 0.247685 0.075231 0.074653
0 0.314140 0.256800 0.073110 0.056424
0 0.425347 0.240017 0.067901 0.056424
0 0.459877 0.287326 0.064043 0.065394
0 0.572531 0.321615 0.076003 0.061053
0 0.656829 0.216435 0.064043 0.057870
0 0.706501 0.269821 0.076196 0.076100
0 0.807581 0.253038 0.066937 0.082465
1 0.197434 0.307147 0.048804 0.056424
0 0.599441 0.262876 0.063079 0.068576
0 0.275559 0.323061 0.079282 0.078993
1 0.283179 0.396846 0.051698 0.056424
1 0.321759 0.322338 0.047840 0.059606
1 0.465953 0.345920 0.045718 0.048900
1 0.389757 0.346788 0.061921 0.068576
1 0.427373 0.292679 0.047647 0.042535
1 0.566454 0.387731 0.053819 0.053241
1 0.600405 0.315538 0.050733 0.039641
1 0.701485 0.338976 0.043789 0.059317
1 0.811150 0.303241 0.049769 0.042824
2 0.183738 0.451823 0.116705 0.242188
1 0.655864 0.272859 0.041667 0.042824
2 0.286265 0.554543 0.163580 0.286169
2 0.464988 0.477720 0.114776 0.236111
2 0.563368 0.525608 0.130980 0.246817
2 0.709587 0.483796 0.130980 0.263310
2 0.820795 0.432726 0.148148 0.225405
